11111111
00110110
11100111
11110000
01010101
00110010
01110101
01000010
00011000
00100000
01010111
00110000
11101011
10101111
11101100
00010001
01100001
01001001
10010011
00100010
01100111
10100000
00000101
11000101
00101000
01000100
01100010
01100110
11001100
01110110
10010111
01111001
01010110
00101000
00001001
11111111
01000000
00011000
10000000
00110011
11100110
11110000
11101001
11101010
10000111
11011101
11101101
10010101
01111000
11010100
11010011
10111011
11110100
01110111
01010010
11000011
11000100
10101010
10110101
10010010
10011000
11101110
00000000
10101001
